100
79.1215711483 -39.4834916788
54.576851873 86.2101979164
-62.977719323 64.6243600687
5.4774624002 53.4175253821
91.4550952789 19.9423943237
42.6334661506 -61.7540582721
15.4157183105 8.97610546805
50.3522745911 -14.3603201053
-82.4891907974 69.8477026421
7.52566025402 -15.7269541305
-65.3164202156 -6.41312171763
-57.4354265939 -78.3784063335
-70.1840411595 42.7158619561
-81.6869320181 -46.9142908141
80.0067191511 -29.1456633142
69.6975328116 -95.4459547719
38.226985733 -32.9592286213
95.1630048771 -0.388894142342
-21.2585752662 -34.8927725991
96.4383582833 79.7784936459
84.2360808884 -29.2855065036
59.3675798066 -42.5454892904
-68.2547614919 75.3362657601
97.4136055002 53.5656612195
-39.9178759943 -62.5948513575
74.7172668471 -72.2965791943
12.2539209943 61.6297645338
29.5902654522 35.5409284973
-1.24302290918 -96.0179330927
9.95199588521 93.9035299689
93.4988624855 48.6531180969
-79.1972684476 -67.7648500567
39.5153120837 -37.7606116399
25.9119947413 56.9955135302
-57.7851368208 22.5365342625
-95.8672603507 28.7347891135
-63.2657435291 44.3427561952
60.2326927692 77.2013669348
84.3978271566 -28.0383658254
-7.95659740481 -12.6415505378
59.6533196811 -48.2832699796
-57.1201779049 -73.9169691331
17.0547279555 -93.1121591459
-92.5656777705 62.1637242745
37.4552460613 -80.3811180055
16.7553119414 -14.5566476236
82.4641463943 -52.63684704
22.4596871122 10.7729179574
61.381813368 -64.4763088139
-75.2833289449 27.7940746689
-95.2463675999 -31.791286927
-95.1500184327 -98.2888807292
-1.03690321984 -98.8121976691
-1.2656588951 68.770974342
51.338381786 -14.2623810582
65.6496326773 -72.6183119613
-17.6218261273 -5.31071209877
80.8038929404 -48.4051302545
-7.50032689438 -96.6470439947
-69.764903761 64.0808551906
-76.2453543076 1.88267841321
-5.58847567081 -82.4875716148
-83.1955411866 32.7810902641
1.35253006297 38.6466764358
44.6124739363 72.0631317612
-66.1178016346 69.4514202262
53.2462842919 27.1421538782
82.288678237 -81.0954043207
48.4342992119 24.2637161198
98.1908155622 93.8008064095
37.4491172142 71.7151425501
-11.3246270969 30.6802763307
-61.7542485274 22.9844907296
-78.5187187976 -76.9774354635
-17.0332841803 99.3728250315
-30.6016587009 -52.9967961841
-84.4675408618 -63.9729958334
70.9420754268 -61.6382265997
91.3749626033 3.71953621211
-74.1334556794 14.379876467
-43.0241550674 89.1672449677
11.8024467366 -3.70363037215
17.715447903 -5.71207771827
-69.3528232769 89.593374732
-37.46463222 59.8926065618
26.4151306519 45.3853183495
87.7838567122 -1.4267120506
76.4173045748 -58.711808265
65.0524492015 -62.0799508392
28.0855614549 91.6325966472
-83.1496959857 -7.42118111137
-66.1693155239 25.92158377
47.4004623702 -57.5547401552
52.5723605105 -84.0616587622
-75.2572891288 29.1456487532
99.5843937614 -27.868770996
-22.8314808416 27.8619529304
92.6814071248 -68.2876734594
6.80824700662 -82.5961467709
-68.8214216766 67.646446823
