250
81.9686896221 -82.1031003215
43.3720154543 79.1317552031
-82.039828877 -35.917635189
-41.021260779 -13.0703969281
47.8530097148 -2.11009007915
16.5832207923 24.5452939246
52.7809114228 80.1609691343
57.2473837578 -93.0241711309
1.08668704615 90.241197357
34.0658519145 -58.6179175538
42.3347386751 21.9277722544
54.3159061017 -18.6677007613
80.2404968855 87.3467636378
-2.85677191482 96.2618687889
-87.0358675786 85.2518148934
17.0593753519 9.48263422281
14.2198210105 -21.5703770932
43.6813389923 50.2606799809
-65.4681010198 -2.73713220785
-31.9611070877 -92.5050501878
-81.3255981329 -42.9992877535
-89.5306751326 -47.383083137
73.1440778496 -47.1547579053
-7.98575576509 -13.4648516354
-73.8996597304 -36.987159068
50.6666609523 62.5292858259
18.7396309032 13.8439957623
20.3085855402 38.3498425638
-7.92868134735 36.6344408689
-19.4767057596 -70.1091977054
-77.2225118884 41.0635191953
24.8546426463 20.3939332091
-47.7509342348 78.2808982573
-46.3320260603 47.240024436
64.1760978033 -28.8990580243
77.1522662847 88.6096334267
10.5517956046 84.4862595128
-17.8405694026 -72.7803891613
28.9656074413 96.0810535826
87.4967905239 24.4286466645
-35.0791765913 -32.1888280763
-37.7890495862 38.2112384253
27.500118127 71.5365634337
-59.0039867567 -70.4400519071
-86.4356094499 -75.700872654
-40.0084472465 66.8165417691
83.293834255 51.2802193072
29.7567458348 66.9038425881
-80.44285506 -80.0625772796
-90.9261953512 -75.036848839
34.8670115789 87.947218915
-73.6633689066 -91.8713561181
64.3678797403 17.8476985859
-34.4024964166 71.3158463829
-46.1654066685 63.7628207437
53.1096925115 74.7113710563
-33.6482773291 -78.3053327531
39.8842625475 12.490748957
59.5357130974 85.8671780927
-33.5001854776 42.1983829791
3.94008975351 50.2992008318
89.9970675143 49.0320642733
-30.9145158357 -94.6591425426
-36.5004315844 40.4447825947
11.9414970459 0.764022576078
55.7644807051 -0.454634803316
5.55638791844 76.1329481006
-88.9303934592 93.7238035087
47.2242239954 59.9417816288
-76.2477811606 -2.10895447789
52.4777926573 -25.7999484844
2.70407791626 73.3075443713
-8.30240390781 9.6057917679
90.6257388253 12.1136882596
-33.3360233753 -67.6235536173
99.8238290941 -84.5894185169
63.8167561093 -10.1570271662
64.3813205306 70.1624498928
-24.5784416686 -70.7853137936
-17.931138258 33.0797071441
21.7475332555 -15.6783799139
18.4167241092 77.137577351
81.0161590285 21.6755532709
-82.4710634538 -28.9184489786
-8.49851451076 -24.0321568013
-41.7333268243 -63.7701482813
-29.983855077 -69.9658784438
58.4520475311 -33.6814875795
17.8202811818 -92.0493035363
7.31820637131 -3.46954496087
4.9681721997 94.8981381256
-14.692031711 77.5448063547
90.66915191 -34.6039478235
24.7014063378 -31.6656599242
-71.8437074719 21.9584949839
-79.1410513606 37.4478855663
89.5625708741 -75.0529101027
-27.5131241772 -38.430245521
-86.8719591797 -34.6726165746
28.0697317838 -33.7478808076
45.0564462087 -72.1966707921
-8.86966849423 69.4221139632
47.2393715931 -50.206506053
61.1362746629 19.6571530586
4.91486782381 81.710899645
-5.42334340601 -96.4944967179
65.6265358621 37.837550617
61.7586322868 37.2479792622
89.6674444562 -20.5814141838
53.635349364 93.3031986315
-50.404763905 74.8851736519
-42.197135485 -26.8824184814
-16.2497103834 -27.7965934453
-10.2491347168 -51.1817105344
16.6374267886 7.55939606296
26.7917745863 60.5412779483
30.724456355 85.80179529
-71.3743330376 -75.4698479854
-91.4890872848 25.9884490353
-40.5037965006 13.4841789707
19.8255858659 61.550675868
-68.771017751 -71.4756821846
-96.8887032813 -82.7715415431
95.7319853758 -19.9997771561
-33.9427093155 62.9913819459
-76.7837149228 -73.1108056495
-2.15343362494 54.2897895972
-0.384057820179 13.9237786724
90.129056669 -2.08983245908
71.8685974793 -93.7623124263
51.2047253947 -27.3947065961
-3.75214612457 33.7926884527
31.7611085751 -28.0650152494
-96.0825140164 18.0084829906
9.24006685202 1.75434416033
-86.5471161373 -80.0718328789
-90.8736896939 65.675295729
-58.7931740727 66.4791004158
17.3114655111 34.0719574195
-29.1932997165 -22.2871392103
29.3200699088 7.71642606784
94.16586912 -36.5627187936
51.721526049 -56.1403988485
45.2957046525 -91.366385595
-51.4238931631 -8.43687294806
66.520935175 -42.6206938896
78.5610481786 -85.9902504162
-38.6231436303 -59.1976521637
-60.6224377002 28.1766260697
51.9278267627 51.0883595122
16.4526374758 -72.8566394548
-94.9603477701 -60.2973490753
15.407296284 -49.1483414967
60.0321937407 35.1159301215
-69.5645350145 33.6664076631
-68.0928708922 77.1402203024
69.5854935999 88.2322645548
-62.5610341427 77.4934949335
-82.068081447 41.4346728326
-89.7322294502 24.3505110086
-28.911318614 -35.3606139924
54.0517844776 72.7710195284
-71.3493363434 -2.16137188002
62.606078643 26.8538935564
42.5334919015 -43.8121700864
22.1573984234 -71.6028764884
-0.563095352585 -5.50326368
-11.0950379861 68.9823275577
96.0126417345 -16.2147087117
-35.2525078902 -33.7759967871
52.9747118569 -95.4744918929
33.2198758751 95.383281536
30.5935109547 -10.7621020598
22.6659363596 79.9823083203
-22.4536701648 -33.1358670977
8.47621515758 -47.2285858008
17.1928674899 12.153295371
70.1798971793 63.8657316608
47.3615262056 -95.8553630768
40.7211525002 -75.9024010228
77.817422602 -24.9490123676
-3.8938040019 -29.5488550528
-62.5644350104 -65.0774600094
-72.8604521716 -97.5828742754
-76.0464515035 96.4275797751
-51.9225745831 -13.3152623262
-40.2065929845 -51.5044749747
-4.04344704612 -97.0963833091
28.1371172075 -27.8187415738
-59.8900289124 29.2708271541
23.9961268724 47.9747786711
-1.23642391929 88.8234178516
89.1367000024 -95.7887804309
44.9901716917 -79.3391112895
-31.6685097927 6.54294673383
-44.3340554429 85.617960734
51.1314609504 -37.8605357452
22.4634156812 18.0606932609
-23.6180028767 -80.3604320562
-32.5962072207 45.4494025025
-25.4724681344 -91.0151590955
72.9815704283 -7.26989443115
46.4225489757 -34.2356117662
69.7399203167 5.86372921848
-16.6727849069 69.0713178638
-62.6204494323 -97.8430197748
-94.4504296174 -96.963518459
-8.94858070352 -98.9243425663
-94.9540288445 -16.4701607466
-58.9599250213 -44.447087528
-14.5623844619 -76.6771389551
52.4180515664 -78.0372031215
39.0129708899 -4.64022115517
-69.6186297371 -82.8341873733
-26.2297375472 53.1613241673
28.2600235701 -96.2397977983
-54.900940505 -20.7563983406
95.9339201823 63.8759298958
-69.2801487556 13.4918908444
-81.9338758214 44.2113101038
-65.963568484 -40.7687345524
41.3376150345 60.1580669346
22.1754184333 -33.8872479064
75.0913814534 45.8058773377
-9.65955032779 -16.9874515879
-67.5238475734 -67.1025715
-80.8799819909 -44.9565536603
40.4396599774 -80.4571543684
-66.7477604525 15.099435323
79.2691780659 -69.6287943107
-14.5212185146 0.913907374761
4.09337190835 52.7756421968
97.4447437724 74.6294807188
53.1161114932 -25.1751534979
-75.1549824351 95.4857136419
-41.1731190712 18.7105776283
46.4109944015 68.9705285023
90.0966036353 23.1861901529
28.509769846 89.3108496252
26.8862200251 -91.0260295231
41.1875499644 -90.2760283986
-14.9366078706 -96.7180780988
-96.5537789284 -11.7163945385
-65.0310051166 -77.4862092021
-95.6855917703 -20.6108569861
88.3261861792 29.2466048654
-5.47312104471 -0.796099620809
74.7810096566 -42.6300905817
-83.8802964447 61.4586785562
40.423827126 85.4919917493
