500
94.325905935 -4.56910990672
-49.8049486254 -36.1011949412
-66.0225531088 71.6931080314
15.1010484893 75.8833827872
-65.829711781 85.2488581716
-59.948502946 29.2166056447
64.3781897749 -28.8167016591
80.5434874363 -46.9880234753
-25.4212964672 33.6187138105
-68.7752924897 -82.2520207781
-26.8716268842 -1.16326668611
44.839545973 8.42392085565
32.8697174685 90.6517798899
36.6900783564 -11.179492613
33.6067645994 39.0408257226
64.8996139198 -72.5136363692
-53.2699718633 29.8344355611
-86.7996285187 58.457464828
-57.2674944624 -69.4678041797
8.88606206704 81.7269005846
-11.5537303773 4.91409769583
72.5048274524 3.33951812764
32.3963137297 -69.7134201126
-10.4994061146 62.1775213695
-85.3516603277 44.3581781664
-16.3898381604 46.826810406
59.1140186388 62.8786294981
58.2330441063 65.1406912391
-65.4570719623 -24.0601589531
-63.8866610238 65.7874309612
-75.7377773707 -89.9135162164
-3.73427723057 27.5003520125
-53.1403625245 -73.5723311876
10.247012045 42.8180543596
75.1225789376 -87.8869542962
41.1256157444 -86.7634023817
-73.9280388452 -73.8948464905
-71.3068805767 -74.4938184987
76.3199054431 -0.944138469493
50.1211723935 43.8301831816
55.2842817088 56.353649704
94.8681388382 32.7021741374
30.2802860686 -73.3354699418
-52.4025259327 23.3551486549
71.5100668081 4.84787359302
11.610505325 -90.2254729814
-47.752101707 71.1537659797
-12.8511925729 -1.46117634389
-64.4679125267 28.8224721503
-55.4437702877 56.2364554096
20.7364779439 -15.4919470491
94.9671089956 2.02527777035
73.3239777037 -38.9835665242
83.1235986427 89.0960738894
-85.5357262644 0.202572712636
-58.4635295653 38.5553763277
31.8794175967 -69.4816875893
-90.3190709127 15.1379851205
-46.3066450257 -28.4995037675
17.4271336914 36.843522296
-75.9927070036 -37.2402192131
-97.3718122531 40.4731771926
-91.4863103097 -10.7977914897
-70.0169378872 -63.14690126
-52.6094804843 -84.0817882463
77.0015714531 -58.1426090021
-96.0638237877 91.5156821651
-68.7660085046 -8.56398322553
26.533949037 88.827080577
-82.913442108 -86.3266082393
5.07329481466 -61.0841454494
72.1211044779 -41.7325376001
-10.5460678055 72.7495428462
-44.0258973798 -94.5120899994
-91.4549682884 58.7185904825
48.7337917459 64.0226314808
-51.6946688512 -43.3618979875
75.6454679262 76.1772403689
-42.786540406 -35.3651687003
-66.009592423 3.7974432321
83.6857072289 -87.7206956924
9.86534929692 -74.6371816188
31.4971183559 40.4997743181
-57.5068594434 84.2319794177
48.7057890316 -2.56304900099
95.9386880774 70.7756306788
45.5504725769 -87.5070605494
52.0716083342 72.5088098681
72.3972718566 39.8180744717
51.5762164776 -30.7328792968
-14.7465166785 -93.2102406245
1.43611844316 -47.9464565262
-42.0316285748 -59.803726328
-77.4969690164 66.2503633728
-83.0253293235 36.211175111
-84.7235272585 18.5742051069
-40.4993247589 -51.4793075951
-4.33080017214 22.3340450337
28.6533609406 -76.0449002075
26.6884777797 49.3606058393
-40.9381318183 -49.0203123937
6.41923802263 54.2250348142
-25.0143335005 49.7151836057
52.4224049207 9.88687307091
64.8577717279 -72.4112878254
-87.2101614071 -57.0090142796
26.5010624958 -38.5806307317
36.3224265456 -93.4432694731
-32.4857099392 43.4268563549
99.4450105077 -89.540623748
28.1186122594 0.25859593982
25.9609257943 55.6521607363
65.2514896846 5.75397789465
53.8883448714 -51.3593716436
-9.80525838392 -73.5705522037
-27.8450707 -38.8326977473
-86.6404493771 19.9002127704
77.3666165566 83.3813816518
-98.2673715683 98.51324666
-70.5382080307 43.9998878586
-82.6735734025 -2.04756763942
-3.18984795427 -40.2606014124
13.4077321533 44.6724947086
91.9255613292 49.3220748059
44.7134288034 38.6237454721
-1.57212921268 66.9831333626
70.3728010667 -8.56754875457
-68.6711345402 -88.4472406579
9.82865843602 67.1505796162
-74.3607061673 6.09409598736
-32.0196677712 -80.6796893445
13.4483831372 -54.7579756944
-59.2124867374 73.1523618122
-79.7975319759 67.9745849487
-58.0903876914 83.8589138212
76.0124362785 -36.4786174274
56.2658309623 82.4732966356
-70.34146756 -51.507408702
31.3767157186 -15.9935494349
8.17786502483 -42.2956344433
-96.8706339708 33.252653438
98.9634163122 -93.3323599759
53.9330494819 54.3904455329
-11.8404574978 -91.2357304452
50.1216712814 73.2274682743
-6.46333415426 66.8961484257
-68.0359311597 29.8524331843
56.831754027 -52.3027270037
52.8603248382 7.56143358802
-85.0430540799 36.6481379573
23.1555959116 56.6628007529
13.9975546 6.18778605941
-71.3990602611 -90.8690732445
36.9859593892 -97.6388312504
88.0346955556 -69.416114364
29.4182257021 -17.3958020808
50.167160731 -75.3217267808
28.23155794 2.8509874302
71.027893889 -92.2175903103
5.64533382604 -85.2130045768
39.4284228001 54.7589982309
64.9462124078 -66.3719880241
60.3077756741 38.0194948061
7.92715005435 19.2528602887
-34.385382803 7.43596080475
29.0028366703 45.9164598958
24.2793136315 -62.5538771817
-93.6328557353 16.8966746561
64.9432162964 -84.1195390428
-15.3568405893 43.0961398538
-15.6427448127 33.7717813927
70.1011094323 -88.0726997479
-21.9911179489 -25.9774007168
-42.0491760111 62.6099199102
-80.394400165 56.2288806375
-9.78414866801 -60.3228092699
89.0049555214 21.3665792263
86.691050149 -55.0842013049
64.0335401723 61.9658205443
6.75960643412 7.28500218707
93.5614617246 79.7150174344
-92.9484805934 -32.2659637966
-71.1132296801 -9.49216788295
69.4843177744 -66.5388610374
78.5770183232 29.9271891289
-46.3200370719 -47.5947265338
58.940875977 -49.1556571569
-59.8558163202 63.5386773259
11.787416539 -79.0923715705
-41.6912239382 -12.2973777665
94.7134325355 33.5583775192
-36.0120532367 47.7040377902
-20.7114490965 -41.6837608742
-6.30786396148 7.68185648338
88.9319887125 -61.7634387312
51.0079527145 67.5180181147
-97.8709363983 23.5431246803
-5.73911946077 -12.4305620529
93.2388526084 -69.6670615542
-43.4387971089 -99.0378621226
79.261343053 18.7927314092
45.206550855 -73.9556737546
75.3632761004 -30.2562914433
-87.8332351568 -37.4020525887
82.9561339169 1.56517743417
1.41024543962 -80.2323070963
25.9367174227 51.5053001766
-56.0001172945 33.1249732232
-33.7464118934 -6.9946000593
-58.0479914072 -66.229577573
-29.1012810985 17.4871582738
59.6015384958 -40.9141323627
-60.623279246 -34.4169178524
83.6867931335 62.2083741539
-43.1080820749 54.7106057723
-38.5256780003 -11.1105274685
-77.8852144903 20.0913432572
-44.1859756334 -1.46858359884
-97.9704698798 -67.5533330017
63.5815104466 3.1188554197
-63.9686995317 39.9798802087
13.1871172817 -70.3118695661
-68.1282289963 -48.9557868599
52.0922255471 -35.5066342377
94.5731423294 -23.137536936
39.04061665 -74.9457046769
-6.73994069376 -73.0725864167
78.6807559321 43.101337792
-38.8801697915 59.2847097774
-84.4969065611 36.1447161773
79.3345748561 -31.8179964327
-0.847830359503 -82.7963158263
30.8648470932 52.4458454923
-48.9575177304 39.1276321324
-92.7891290655 -64.1229003803
-69.0440218399 -23.7908380297
-73.7955829784 92.2892388142
-51.0670955189 60.0202368829
76.1650789385 -37.0384623236
-22.4339020908 -11.2076420748
-54.2531333822 -2.09577282598
51.1600669639 -23.5904881718
48.7018997682 30.4987169422
-88.8079343468 75.9930321408
28.2585333823 6.21545984958
-86.7419302973 -59.9728123679
-20.531512551 -12.4996321513
-13.5292935223 17.7843817399
15.4902192582 -89.4046759821
-62.6702180802 -85.1393235016
57.7521991553 -94.6147775183
25.37151141 91.2471991398
55.6305624235 96.4095802752
9.91245252614 64.5531079972
-17.5086086306 -83.2820252878
-81.3186159147 81.6210527349
83.6701720575 55.7997593925
-64.9732394196 -73.8366590554
-59.1259215249 -45.2608171958
-73.6022015966 85.5109381667
65.5414003913 -37.9936892367
-70.7984467926 21.0349376202
-42.8357745093 -20.6233533723
15.2957757871 -51.3658559557
41.7674308026 99.616960835
39.5893344886 5.08664843083
-50.6901876399 -90.6026570188
37.7708397089 14.8560367988
33.3050241753 -96.0370874264
-23.383745399 0.0869534214322
-59.9574073786 12.8242777374
-34.9199413533 -48.7777247366
-42.712053015 48.2858167551
66.749553754 -33.1132717956
-81.4527542659 98.1334414624
90.0227229263 -80.1194372124
-14.4078311427 35.7588124083
-48.5399131171 -16.4119012834
-32.996530253 3.06854046039
58.4901322479 20.3216673503
-16.710038448 -8.00260070782
95.0880696542 89.3697784947
16.7151276941 -41.1753207805
-12.4515168998 60.2622397736
35.4093690671 46.0543313278
90.4131234172 11.2030362999
-1.75500792866 -45.8663273229
-55.2725647164 -39.3021229374
1.19959825591 -81.2925617113
82.9258193694 98.5674981955
-6.15255771396 34.5747395238
52.3731696391 -8.6465414793
92.1996063789 75.6721559174
-90.4156693112 -45.2011642198
20.658831779 42.4547974355
61.9145344334 -9.2020811961
27.0567132373 -65.0633029061
37.7219696977 64.4419745576
-78.4021366214 -48.8881228336
-30.1386503879 -32.5489258842
82.5691205232 46.9228429418
-17.8229186631 -39.7740714039
17.4891998362 -25.6993481641
55.660327441 -66.4869236029
-29.7052252635 -29.2335115952
35.673292053 -35.5221043519
-1.39280880062 24.3375854292
-70.1242499341 -99.5259588398
62.6738736499 77.3471078634
-6.15232966852 -60.1525377681
-86.3306735162 75.4826523278
-2.55182210049 -88.2885148687
-12.9003745614 62.6828746673
-7.65908189447 -83.9629048776
-72.1011952442 -73.293418512
-74.1725019205 52.6708372884
-72.2439920152 -32.426100313
-68.7562216601 -52.7980643429
19.1944378878 -56.7843752283
-94.439355899 -98.9482441065
-95.2479063658 -97.7932568785
88.0638378808 55.8689302366
-91.5970539333 -41.5325719488
50.1205841683 -92.8950101797
58.9264078603 -81.1870450095
63.5171449135 -60.2814599706
17.3890838176 -59.1664384589
87.258299588 94.5380737769
-42.3631360567 96.9177346253
39.2636713104 -86.8732316559
54.5447418574 -46.6299213436
73.2716336628 -11.3943484471
97.9818457816 32.7664213385
34.103942853 -69.4478789839
25.55878392 -5.93147106947
-18.5716605593 -20.8484913134
58.9456746207 77.9199241017
-35.850031979 -44.4548743248
-71.1851758657 -65.3098664989
50.1867777107 -22.5161376247
38.9802837293 -21.3398643563
-32.7041069677 2.27446707149
-22.8633898991 72.150338872
-1.48544016068 -48.2688621166
60.6626620109 -19.454788995
77.4333599884 -89.4365149876
-16.3380027845 3.8260656517
-40.0093126574 -2.01995769131
3.45104769928 44.3108609283
62.9614484994 -44.3724768769
1.4279805218 84.6864307143
-24.4246656119 -2.79602139942
53.492712535 -15.6997222289
3.28561752941 -90.3555474212
-33.4271992281 -9.27375515144
39.7650988965 -49.7006973641
47.6483076868 19.1274810633
0.997373152502 50.5362663005
52.9978957846 -58.9766841648
67.287888016 -57.123831606
-3.6769721723 -38.3172354983
7.10752472163 25.0737408842
44.0151370935 -27.069779305
83.1904666741 38.9461404033
86.0937532935 94.6184068783
-79.3517940103 76.4265166774
-55.7179950191 30.7363896605
-62.0502754431 -12.6670406405
-3.20146113652 -27.4604792966
-93.2780698729 60.6172905739
-42.4923558047 -41.1553839973
12.3990993484 -41.967347698
-49.9422524968 -2.37337362092
-38.1537619762 -38.5902004198
-42.6345617726 -38.6577536352
11.9833126904 -45.7824792291
-55.157614281 -76.1226779615
-54.5903294796 63.0689803206
-25.8836233084 -6.2282474539
-12.5624705729 -38.5475289554
-63.3049488072 -90.8883599627
14.7583357396 91.962411218
-24.2868769481 68.0223133915
-5.14980955371 38.0434116821
26.683630823 -45.8792876618
31.7510717293 39.0761148555
-40.389735504 -69.4928351298
-10.1865096362 13.4180850458
21.481691026 69.7853267545
54.5498751612 28.8050596061
71.1205544281 -69.1938816961
-89.359334566 -23.0905633333
57.1953952584 -40.1555765384
54.9902985531 95.0407268464
-33.738363622 9.86778988813
59.9722416897 25.3511749852
-11.399885714 0.190163619469
-67.0763903319 46.3099640186
40.4446224772 0.852148926085
27.2846399633 -71.2030855618
11.0451109293 90.3266476241
99.0030852761 13.6634200197
-68.3131800387 -49.0394916989
-95.6532759672 -42.0952842991
-12.1843926023 -14.2741964652
-18.360591444 2.07126124589
-57.8877755058 86.7403312365
31.8218178312 -44.814831089
15.6482009527 97.2216936823
24.6432056092 8.72385236913
-22.7455957298 56.5883762368
-21.9689665072 -48.569589151
-30.3822908247 -65.9836930525
44.2687300893 -76.1105523672
90.347668333 19.074325558
37.4918142896 29.4316997613
-20.0680207452 9.61429065577
-11.602461786 4.96585219544
-93.2052877039 -31.4083312491
67.3951354705 58.2815843492
63.6067916999 -85.7255572687
99.5495754321 3.82472062075
-37.0969621565 -68.8464168076
-4.41596072149 -67.1666102497
75.6497076243 -52.4611134857
-52.236338016 -98.8576476825
91.618064022 -10.9848693958
55.2976710858 -89.0393453055
56.6159315933 90.8908073555
35.371944628 -81.6387049167
-22.2490833059 31.5225355584
-67.6991809654 66.3361924824
65.5389736389 68.9113609471
66.0646816315 55.3355215993
56.93035207 -21.1704148943
-27.4033154424 64.1644744511
-28.681018792 -24.9442884923
48.9191520659 -98.3557094402
94.7562621643 -83.2326421658
-5.05889203077 20.3909846209
56.8948999535 1.51465067333
16.3881906087 -84.9921488848
84.7693936737 45.4593297162
-15.2113669786 -65.3487589206
12.5748186931 68.1275851789
-30.1249127413 62.7266468489
-97.17579928 -78.8218898573
-89.9333616116 58.8883007323
-26.7789532042 -50.9426411123
-29.0267112706 -90.1922074283
-72.0332873873 64.8984530352
16.5714170194 -33.6454470775
58.4584549189 77.7508537894
70.8541834731 74.5032989076
-10.9284057445 -32.8174809628
-29.1035367423 66.9823432769
22.7460856809 17.5375685229
-29.3595899761 -16.995529127
-32.1097446755 76.6250081224
55.5866166652 81.333732388
-56.8949468927 -69.4748883063
-87.9970300002 -17.6983830196
-28.8086920161 96.6288177811
-47.7678125238 67.2099346246
67.6294119224 47.061196802
33.4132412742 -13.9096200365
12.0920684092 -45.392104074
36.5337334412 81.3700656236
33.6774175448 -10.8521253481
72.2310187111 27.1589014546
55.7026071428 -77.1971781892
48.9782658332 46.7708603269
-30.4076565579 11.0206861279
91.2011857869 -5.73491905218
34.703122083 84.1783979467
9.00347128624 -46.1770929069
97.1606222189 -75.7353660398
-94.6873393372 -22.2321720373
84.7886438861 -8.92683926941
59.4063619885 9.81396516037
-57.9501937541 67.9855406163
-9.16302264923 -19.4858265799
52.0490395767 14.1744266475
74.476157948 -94.3421877336
-25.7092289657 -23.8773596584
-43.5242241759 64.9094590949
67.1246212128 25.3253441864
-66.0046432529 -49.7760988212
-51.7352705369 69.3764379225
-1.22179079202 -41.0694706355
-7.41054596598 -41.1325072896
27.0155951403 44.3393228769
2.73596533982 52.1067030706
-31.138226177 -99.9151262565
-26.1152243652 -74.3108695483
-96.1826191022 20.9121887929
-85.3330916401 80.1675751946
95.2266170075 -10.9024197365
62.4811547565 3.91769191149
46.7711531783 23.8724296028
